9179
9190
9373
9510
9877
9834
9991
9845
10227
10105
10062
10134
10374
10409
10420
10487
10521
10735
10635
10607
10617
10652
10596
10873
10893
10924
11094
10872
10925
11117
11184
11086
11191
11064
11276
11379
11167
11239
11372
11474
11351
11366
11508
11620
11374
11461
11200
11514
11520
11534
11516
11540
11541
11757
11637
11700
11621
11523
11916
11633
11718
11528
11914
11848
11840
11914
12003
11843
11716
11915
11994
11866
11816
11918
12143
12078
12039
12027
11938
12105
12165
12217
12320
12012
12384
12218
12246
12504
12167
12313
12349
12371
12484
12367
12220
12319
12373
12674
12337
12481
12541
12463
12175
12253
12083
11962
11999
12379
11998
11946
12134
12096
11953
11996
11756
11585
11729
11812
