954
973
980
981
986
987
987
988
991
992
995
998
1002
1003
1006
1008
1008
1008
1008
1009
1009
1009
1011
1012
1013
1015
1016
1017
1018
1018
1019
1020
1020
1021
1022
1022
1022
1024
1025
1025
1026
1026
1027
1027
1028
1028
1028
1029
1031
1032
1032
1033
1033
1034
1034
1035
1036
1036
1036
1037
1038
1038
1038
1039
1041
1042
1043
1044
1044
1045
1045
1047
1047
1049
1050
1051
1051
1052
1053
1055
1056
1057
1059
1060
1061
1061
1061
1062
1062
1062
1063
1063
1064
1064
1066
1068
1070
1071
1071
1072
1073
1073
1075
1075
1075
1075
1076
1076
1077
1079
1081
1082
1083
1085
1087
1091
1093
1094
1096
1097
1100
1106
1123
1124
1128
1136
1157
1240
1256
1299
